%YAML:1.0
IMS: [ 640, 480 ]
CML: !!opencv-matrix
   rows: 3
   cols: 3
   dt: d
   data: [ 1.8231267116783495e+003, 0., 3.7682356378171363e+002, 0.,
       1.8114057094290372e+003, 2.7458664674628159e+002, 0., 0., 1. ]
CMR: !!opencv-matrix
   rows: 3
   cols: 3
   dt: d
   data: [ 1.8231267116783495e+003, 0., 3.7690637279713491e+002, 0.,
       1.8114057094290372e+003, 2.7453470307344412e+002, 0., 0., 1. ]
CDL: !!opencv-matrix
   rows: 1
   cols: 5
   dt: d
   data: [ -1.8575342877037526e+000, 3.7430187712413506e+001, 0., 0.,
       -3.9628147381235596e+002 ]
CDR: !!opencv-matrix
   rows: 1
   cols: 5
   dt: d
   data: [ -1.6525010018319819e+000, 1.5181580415310484e+002, 0., 0.,
       -3.7296499396892400e+003 ]
PL: !!opencv-matrix
   rows: 3
   cols: 4
   dt: d
   data: [ 1.6473312094506305e+003, 0., 2.0376455688476562e+002, 0., 0.,
       1.6473312094506305e+003, 2.7776211826503277e+002, 0., 0., 0., 1.,
       0. ]
PR: !!opencv-matrix
   rows: 3
   cols: 4
   dt: d
   data: [ 1.6473312094506305e+003, 0., 2.0376455688476562e+002,
       -5.2836301217834971e+003, 0., 1.6473312094506305e+003,
       2.7776211826503277e+002, 0., 0., 0., 1., 0. ]
RL: !!opencv-matrix
   rows: 3
   cols: 3
   dt: d
   data: [ 9.9235677201654582e-001, -1.4077168091666648e-002,
       1.2259637177102942e-001, 1.3981594433426368e-002,
       9.9990090799707898e-001, 1.6398791773461106e-003,
       -1.2260730830582930e-001, 8.6747542183760536e-005,
       9.9245525865142314e-001 ]
RR: !!opencv-matrix
   rows: 3
   cols: 3
   dt: d
   data: [ 9.9853824026221605e-001, -1.7806208603956895e-002,
       -5.1032554993744796e-002, 1.7766482611128839e-002,
       9.9984140455399328e-001, -1.2320045156178866e-003,
       5.1046398792330791e-002, 3.2353462012234626e-004,
       9.9869623034017896e-001 ]
Q: !!opencv-matrix
   rows: 4
   cols: 4
   dt: d
   data: [ 1., 0., 0., -2.0376455688476562e+002, 0., 1., 0.,
       -2.7776211826503277e+002, 0., 0., 0., 1.6473312094506305e+003, 0.,
       0., 3.1178019117177935e-001, 0. ]
