%YAML:1.0
IMS: [ 320, 240 ]
CML: !!opencv-matrix
   rows: 3
   cols: 3
   dt: d
   data: [ 8.7866134896094127e+002, 0., 1.5630569673694737e+002, 0.,
       8.6636810278993846e+002, 1.4965734935031315e+002, 0., 0., 1. ]
CMR: !!opencv-matrix
   rows: 3
   cols: 3
   dt: d
   data: [ 8.7866134896094127e+002, 0., 1.2463478922736488e+002, 0.,
       8.6636810278993846e+002, 1.2076634879631233e+002, 0., 0., 1. ]
CDL: !!opencv-matrix
   rows: 1
   cols: 5
   dt: d
   data: [ -8.0706406051339208e-001, 3.8813820660160189e+001, 0., 0.,
       -4.7335960465481446e+002 ]
CDR: !!opencv-matrix
   rows: 1
   cols: 5
   dt: d
   data: [ 1.2158279584671290e-001, -9.2702695601075664e+000, 0., 0.,
       2.6542471780240510e+002 ]
PL: !!opencv-matrix
   rows: 3
   cols: 4
   dt: d
   data: [ 8.2910615568387914e+002, 0., 1.3595240116119385e+002, 0., 0.,
       8.2910615568387914e+002, 1.3572694015502930e+002, 0., 0., 0., 1.,
       0. ]
PR: !!opencv-matrix
   rows: 3
   cols: 4
   dt: d
   data: [ 8.2910615568387914e+002, 0., 1.3595240116119385e+002,
       2.3926955630333350e+003, 0., 8.2910615568387914e+002,
       1.3572694015502930e+002, 0., 0., 0., 1., 0. ]
RL: !!opencv-matrix
   rows: 3
   cols: 3
   dt: d
   data: [ 9.9936906250155699e-001, 2.3686492431824122e-002,
       2.6465581252564006e-002, -2.4096884555981083e-002,
       9.9959259111036991e-001, 1.5296795479848798e-002,
       -2.6092471509127892e-002, -1.5924882214124515e-002,
       9.9953268133513851e-001 ]
RR: !!opencv-matrix
   rows: 3
   cols: 3
   dt: d
   data: [ 9.9953083477839666e-001, 2.9139928258520451e-002,
       -9.4326511803335521e-003, -2.9283667519784541e-002,
       9.9945131427450928e-001, -1.5476989744350664e-002,
       8.9764772484691360e-003, 1.5745951100022502e-002,
       9.9983573044783880e-001 ]
Q: !!opencv-matrix
   rows: 4
   cols: 4
   dt: d
   data: [ 1., 0., 0., -1.3595240116119385e+002, 0., 1., 0.,
       -1.3572694015502930e+002, 0., 0., 0., 8.2910615568387914e+002, 0.,
       0., -3.4651552353479581e-001, 0. ]
