%YAML:1.0
IMS: [ 320, 240 ]
CML: !!opencv-matrix
   rows: 3
   cols: 3
   dt: d
   data: [ 4.9833934106658842e+002, 0., 1.8193835130491621e+002, 0.,
       4.9888406776692347e+002, 1.1492337095032799e+002, 0., 0., 1. ]
CMR: !!opencv-matrix
   rows: 3
   cols: 3
   dt: d
   data: [ 4.9833934106658842e+002, 0., 1.8386058405654040e+002, 0.,
       4.9888406776692347e+002, 1.1541607760293014e+002, 0., 0., 1. ]
CDL: !!opencv-matrix
   rows: 1
   cols: 5
   dt: d
   data: [ -2.4055030689158446e-001, 2.9312015848738606e+000, 0., 0.,
       -9.8166877959057572e+000 ]
CDR: !!opencv-matrix
   rows: 1
   cols: 5
   dt: d
   data: [ -2.0628464888246326e-001, 5.5469574196882663e+000, 0., 0.,
       -4.5616394942403439e+001 ]
PL: !!opencv-matrix
   rows: 3
   cols: 4
   dt: d
   data: [ 4.7959699708789196e+002, 0., 1.9901973152160645e+002, 0., 0.,
       4.7959699708789196e+002, 1.1542176342010498e+002, 0., 0., 0., 1.,
       0. ]
PR: !!opencv-matrix
   rows: 3
   cols: 4
   dt: d
   data: [ 4.7959699708789196e+002, 0., 1.9901973152160645e+002,
       1.3452532125726532e+003, 0., 4.7959699708789196e+002,
       1.1542176342010498e+002, 0., 0., 0., 1., 0. ]
RL: !!opencv-matrix
   rows: 3
   cols: 3
   dt: d
   data: [ 9.9924699289000241e-001, -3.5185937961616245e-002,
       -1.6352277212938852e-002, 3.5259220755318274e-002,
       9.9936931197583334e-001, 4.2149297357332504e-003,
       1.6193657771338729e-002, -4.7883244157772781e-003,
       9.9985740853247362e-001 ]
RR: !!opencv-matrix
   rows: 3
   cols: 3
   dt: d
   data: [ 9.9911367852213873e-001, -3.6962426888646920e-002,
       -2.0140416789675344e-002, 3.6871350246233031e-002,
       9.9930812990560902e-001, -4.8749395456808607e-003,
       2.0306671834153810e-002, 4.1280144205010135e-003,
       9.9978527623483426e-001 ]
Q: !!opencv-matrix
   rows: 4
   cols: 4
   dt: d
   data: [ 1., 0., 0., -1.9901973152160645e+002, 0., 1., 0.,
       -1.1542176342010498e+002, 0., 0., 0., 4.7959699708789196e+002, 0.,
       0., -3.5651057555975940e-001, 0. ]
