%YAML:1.0
IMS: [ 640, 480 ]
CML: !!opencv-matrix
   rows: 3
   cols: 3
   dt: d
   data: [ 7.3628468793235800e+002, 0., 3.1905757078237900e+002, 0.,
       7.3294107089135548e+002, 2.2844675654576804e+002, 0., 0., 1. ]
CMR: !!opencv-matrix
   rows: 3
   cols: 3
   dt: d
   data: [ 7.3628468793235800e+002, 0., 3.1274056888569112e+002, 0.,
       7.3294107089135548e+002, 2.2902887967913608e+002, 0., 0., 1. ]
CDL: !!opencv-matrix
   rows: 1
   cols: 5
   dt: d
   data: [ 1.2359699719947025e-001, -7.6243207256223877e-001, 0., 0.,
       2.4819083835268012e+000 ]
CDR: !!opencv-matrix
   rows: 1
   cols: 5
   dt: d
   data: [ 2.0396047067779508e-002, 3.8816558420578928e-001, 0., 0.,
       -1.0473518773657886e+000 ]
PL: !!opencv-matrix
   rows: 3
   cols: 4
   dt: d
   data: [ 7.3294107089135548e+002, 0., 3.5450539016723633e+002, 0., 0.,
       7.3294107089135548e+002, 2.2884432792663574e+002, 0., 0., 0., 1.,
       0. ]
PR: !!opencv-matrix
   rows: 3
   cols: 4
   dt: d
   data: [ 7.3294107089135548e+002, 0., 3.5450539016723633e+002,
       2.0154810749263029e+003, 0., 7.3294107089135548e+002,
       2.2884432792663574e+002, 0., 0., 0., 1., 0. ]
RL: !!opencv-matrix
   rows: 3
   cols: 3
   dt: d
   data: [ 9.9921530407792392e-001, 1.7498603312562706e-002,
       -3.5532731087990939e-002, -1.7424798303332271e-002,
       9.9984533037530221e-001, 2.3857348534514367e-003,
       3.5568982281618582e-002, -1.7647121046660192e-003,
       9.9936566545516126e-001 ]
RR: !!opencv-matrix
   rows: 3
   cols: 3
   dt: d
   data: [ 9.9829291455294134e-001, 2.2550886264519912e-002,
       -5.3876843653637305e-002, -2.2662713832247886e-002,
       9.9974209360110156e-001, -1.4654978144257647e-003,
       5.3829900196372571e-002, 2.6839915743411776e-003,
       9.9854651270437933e-001 ]
Q: !!opencv-matrix
   rows: 4
   cols: 4
   dt: d
   data: [ 1., 0., 0., -3.5450539016723633e+002, 0., 1., 0.,
       -2.2884432792663574e+002, 0., 0., 0., 7.3294107089135548e+002, 0.,
       0., -3.6365564529955002e-001, 0. ]
