CM1:
1399.86 0       474.881
0       1298.67 391.962
0       0       1

CM2:
1399.86 0       531.905
0       1298.67 231.111
0       0       1

D1:
-0.875176       15.6501 0       0       -115.099

D2:
-9.20954        693.952 0       0       -30481.6

R:
-0.680793       -0.077366       0.728379
0.0235401       -0.996204       -0.0838112
0.732098        -0.0399119      0.680029

T:
-50.7239
-2.25358
20.7114

E:
-2.13739        20.7227 0.203352
23.0347 -3.62685        49.5795
-2.72826        50.357  5.89269

F:
7.79982e-008    -8.1514e-007    0.000272076
-9.06082e-007   1.5378e-007     -0.00236004
0.000307289     -0.00237482     1

P1:
-737.637        0       700.297 0
0       -737.637        325.191 0
0       0       1       0

R1:
0.127713        0.902648        0.410994
-0.925016       -0.0410969      0.377699
0.35782 -0.428413       0.829715

R2:
0.127713        0.902648        0.410994
-0.925016       -0.0410969      0.377699
0.35782 -0.428413       0.829715

P1:
-737.637        0       700.297 0
0       -737.637        325.191 0
0       0       1       0

P2:
-737.637        0       700.297 0
0       -737.637        325.191 -40448.8
0       0       1       0

Q:
1       0       0       -700.297
0       1       0       -325.191
0       0       0       -737.637
0       0       -0.0182363      0