%YAML:1.0
IMS: [ 320, 240 ]
CML: !!opencv-matrix
   rows: 3
   cols: 3
   dt: d
   data: [ 3.9854656019684359e+002, 0., 1.4577343392916953e+002, 0.,
       3.9744543473656557e+002, 1.2867579849723904e+002, 0., 0., 1. ]
CMR: !!opencv-matrix
   rows: 3
   cols: 3
   dt: d
   data: [ 3.9854656019684359e+002, 0., 1.5122138870591030e+002, 0.,
       3.9744543473656557e+002, 1.3002034206761908e+002, 0., 0., 1. ]
CDL: !!opencv-matrix
   rows: 1
   cols: 5
   dt: d
   data: [ -1.0929206654552998e-001, 5.8536697030067719e-001, 0., 0.,
       -1.3555891210339934e+000 ]
CDR: !!opencv-matrix
   rows: 1
   cols: 5
   dt: d
   data: [ -1.1715353016158511e-001, 6.5269227273775665e-001, 0., 0.,
       -1.8069266411162328e+000 ]
PL: !!opencv-matrix
   rows: 3
   cols: 4
   dt: d
   data: [ 3.8565478173895480e+002, 0., 1.5928046989440918e+002, 0., 0.,
       3.8565478173895480e+002, 1.2935137748718262e+002, 0., 0., 0., 1.,
       0. ]
PR: !!opencv-matrix
   rows: 3
   cols: 4
   dt: d
   data: [ 3.8565478173895480e+002, 0., 1.5928046989440918e+002,
       1.6596369721044291e+003, 0., 3.8565478173895480e+002,
       1.2935137748718262e+002, 0., 0., 0., 1., 0. ]
RL: !!opencv-matrix
   rows: 3
   cols: 3
   dt: d
   data: [ 9.9963562992774713e-001, -1.7263177198942187e-002,
       -2.0750664855716968e-002, 1.7306742652476059e-002,
       9.9984838034385592e-001, 1.9217134357491328e-003,
       2.0714343767479847e-002, -2.2801396374113481e-003,
       9.9978283488241415e-001 ]
RR: !!opencv-matrix
   rows: 3
   cols: 3
   dt: d
   data: [ 9.9936742157849867e-001, -2.0515177257611237e-002,
       -2.9049684845663028e-002, 2.0454085490141556e-002,
       9.9978791597463623e-001, -2.3986366660662768e-003,
       2.9092732327946357e-002, 1.8029346029754631e-003,
       9.9957509090238539e-001 ]
Q: !!opencv-matrix
   rows: 4
   cols: 4
   dt: d
   data: [ 1., 0., 0., -1.5928046989440918e+002, 0., 1., 0.,
       -1.2935137748718262e+002, 0., 0., 0., 3.8565478173895480e+002, 0.,
       0., -2.3237297566945761e-001, 0. ]
