%YAML:1.0
IMS: [ 320, 240 ]
CML: !!opencv-matrix
   rows: 3
   cols: 3
   dt: d
   data: [ 4.2619136460069859e+002, 0., 1.5895185772081933e+002, 0.,
       4.2458791506937149e+002, 1.0712405133002221e+002, 0., 0., 1. ]
CMR: !!opencv-matrix
   rows: 3
   cols: 3
   dt: d
   data: [ 4.2619136460069859e+002, 0., 1.5953753407034793e+002, 0.,
       4.2458791506937149e+002, 1.0627308482951749e+002, 0., 0., 1. ]
CDL: !!opencv-matrix
   rows: 1
   cols: 5
   dt: d
   data: [ -9.2664272120162566e-002, -2.9313163425685773e-001, 0., 0.,
       1.7533004155114940e+000 ]
CDR: !!opencv-matrix
   rows: 1
   cols: 5
   dt: d
   data: [ -1.5810390526910556e-001, 7.3074771204787592e-001, 0., 0.,
       -2.0719230045608996e+000 ]
PL: !!opencv-matrix
   rows: 3
   cols: 4
   dt: d
   data: [ 4.0969310533431121e+002, 0., 1.7455244255065918e+002, 0., 0.,
       4.0969310533431121e+002, 1.0695374584197998e+002, 0., 0., 0., 1.,
       0. ]
PR: !!opencv-matrix
   rows: 3
   cols: 4
   dt: d
   data: [ 4.0969310533431121e+002, 0., 1.7455244255065918e+002,
       1.0331877792872726e+003, 0., 4.0969310533431121e+002,
       1.0695374584197998e+002, 0., 0., 0., 1., 0. ]
RL: !!opencv-matrix
   rows: 3
   cols: 3
   dt: d
   data: [ 9.9950677113660968e-001, -2.4489889102675886e-002,
       -1.9658580411808582e-002, 2.4590676001835236e-002,
       9.9968558718124190e-001, 4.9015748355338475e-003,
       1.9532360477977836e-002, -5.3825750189117070e-003,
       9.9979473632357352e-001 ]
RR: !!opencv-matrix
   rows: 3
   cols: 3
   dt: d
   data: [ 9.9869658572607101e-001, -2.5739079039463007e-002,
       -4.4075270495923677e-002, 2.5511998258176183e-002,
       9.9965822577759200e-001, -5.7069764386813030e-003,
       4.4207099022254087e-002, 4.5750896600094959e-003,
       9.9901191231668474e-001 ]
Q: !!opencv-matrix
   rows: 4
   cols: 4
   dt: d
   data: [ 1., 0., 0., -1.7455244255065918e+002, 0., 1., 0.,
       -1.0695374584197998e+002, 0., 0., 0., 4.0969310533431121e+002, 0.,
       0., -3.9653305386261067e-001, 0. ]
