%YAML:1.0
IMS: [ 320, 240 ]
CML: !!opencv-matrix
   rows: 3
   cols: 3
   dt: d
   data: [ 6.5758855815778611e+002, 0., 1.6905690142501984e+002, 0.,
       6.5131121355564323e+002, 1.2215320472541833e+002, 0., 0., 1. ]
CMR: !!opencv-matrix
   rows: 3
   cols: 3
   dt: d
   data: [ 6.5758855815778611e+002, 0., 1.6906403848775417e+002, 0.,
       6.5131121355564323e+002, 1.2167304783877080e+002, 0., 0., 1. ]
CDL: !!opencv-matrix
   rows: 1
   cols: 5
   dt: d
   data: [ 9.2147929525136907e-001, -2.5284142608734676e+001, 0., 0.,
       2.4538386458068356e+002 ]
CDR: !!opencv-matrix
   rows: 1
   cols: 5
   dt: d
   data: [ -1.3853415375497585e-001, 1.7151195343645373e+000, 0., 0.,
       -3.2104134175086131e+001 ]
PL: !!opencv-matrix
   rows: 3
   cols: 4
   dt: d
   data: [ 6.4280319767188848e+002, 0., 1.9687515401840210e+002, 0., 0.,
       6.4280319767188848e+002, 1.3116135215759277e+002, 0., 0., 0., 1.,
       0. ]
PR: !!opencv-matrix
   rows: 3
   cols: 4
   dt: d
   data: [ 6.4280319767188848e+002, 0., 1.9687515401840210e+002,
       4.5303368676440768e+003, 0., 6.4280319767188848e+002,
       1.3116135215759277e+002, 0., 0., 0., 1., 0. ]
RL: !!opencv-matrix
   rows: 3
   cols: 3
   dt: d
   data: [ 9.2269556913965078e-001, -3.7825149018029919e-001,
       -7.4556668826063127e-002, 3.8027399939463519e-001,
       9.2475925683110649e-001, 1.4560298403145391e-002,
       6.3439515086933476e-002, -4.1786685457961714e-002,
       9.9711047574678102e-001 ]
RR: !!opencv-matrix
   rows: 3
   cols: 3
   dt: d
   data: [ 9.2477813558265343e-001, -3.8027819083501474e-001,
       -1.3187021025225239e-002, 3.7972877744087091e-001,
       9.2454797445472481e-001, -3.1891981984927549e-002,
       2.4319858789334996e-002, 2.4485516268061024e-002,
       9.9940432456616535e-001 ]
Q: !!opencv-matrix
   rows: 4
   cols: 4
   dt: d
   data: [ 1., 0., 0., -1.9687515401840210e+002, 0., 1., 0.,
       -1.3116135215759277e+002, 0., 0., 0., 6.4280319767188848e+002, 0.,
       0., -1.4188860926939573e-001, 0. ]
