%YAML:1.0
IMS: [ 320, 240 ]
CML: !!opencv-matrix
   rows: 3
   cols: 3
   dt: d
   data: [ 3.7308986815326068e+002, 0., 1.6567507374113444e+002, 0.,
       3.7273023953529287e+002, 1.0832518398011668e+002, 0., 0., 1. ]
CMR: !!opencv-matrix
   rows: 3
   cols: 3
   dt: d
   data: [ 3.7308986815326068e+002, 0., 1.5861275985658460e+002, 0.,
       3.7273023953529287e+002, 1.1023926209103094e+002, 0., 0., 1. ]
CDL: !!opencv-matrix
   rows: 1
   cols: 5
   dt: d
   data: [ -3.9338170354639025e-002, 4.8004294234081313e-001, 0., 0.,
       -6.7163949787448674e-001 ]
CDR: !!opencv-matrix
   rows: 1
   cols: 5
   dt: d
   data: [ -2.1877584973138322e-003, 6.9340756020492322e-001, 0., 0.,
       -2.1745681942484474e+000 ]
PL: !!opencv-matrix
   rows: 3
   cols: 4
   dt: d
   data: [ 3.6850861583192130e+002, 0., 1.3993656539916992e+002, 0., 0.,
       3.6850861583192130e+002, 1.0954525279998779e+002, 0., 0., 0., 1.,
       0. ]
PR: !!opencv-matrix
   rows: 3
   cols: 4
   dt: d
   data: [ 3.6850861583192130e+002, 0., 1.3993656539916992e+002,
       9.6255899505271395e+002, 0., 3.6850861583192130e+002,
       1.0954525279998779e+002, 0., 0., 0., 1., 0. ]
RL: !!opencv-matrix
   rows: 3
   cols: 3
   dt: d
   data: [ 9.9874325703957900e-001, 1.0361482077658484e-002,
       4.9036172435538483e-002, -1.0435273630018659e-002,
       9.9994477092572776e-001, 1.2490646742329434e-003,
       -4.9020522051893133e-002, -1.7592007981301278e-003,
       9.9879622227474996e-001 ]
RR: !!opencv-matrix
   rows: 3
   cols: 3
   dt: d
   data: [ 9.9854003734066998e-001, 1.5839273463578343e-002,
       5.1642146003429409e-002, -1.5761526087231366e-002,
       9.9987395050572248e-001, -1.9124318240380269e-003,
       -5.1665928067683678e-002, 1.0956807135527381e-003,
       9.9866382299584622e-001 ]
Q: !!opencv-matrix
   rows: 4
   cols: 4
   dt: d
   data: [ 1., 0., 0., -1.3993656539916992e+002, 0., 1., 0.,
       -1.0954525279998779e+002, 0., 0., 0., 3.6850861583192130e+002, 0.,
       0., -3.8284262858271889e-001, 0. ]
