%YAML:1.0
IMS: [ 320, 240 ]
CML: !!opencv-matrix
   rows: 3
   cols: 3
   dt: d
   data: [ 4.5484954494109621e+002, 0., 1.3791778278027843e+002, 0.,
       4.5455016048832204e+002, 1.2791990878580026e+002, 0., 0., 1. ]
CMR: !!opencv-matrix
   rows: 3
   cols: 3
   dt: d
   data: [ 4.5484954494109621e+002, 0., 1.2446146581481702e+002, 0.,
       4.5455016048832204e+002, 1.2661319980182427e+002, 0., 0., 1. ]
CDL: !!opencv-matrix
   rows: 1
   cols: 5
   dt: d
   data: [ 1.7463363775057000e-002, -8.5521619499840629e-001, 0., 0.,
       4.7758809453748725e+000 ]
CDR: !!opencv-matrix
   rows: 1
   cols: 5
   dt: d
   data: [ -7.7705040190604174e-002, 5.6461353425669769e-001, 0., 0.,
       -1.3711816418191269e+000 ]
PL: !!opencv-matrix
   rows: 3
   cols: 4
   dt: d
   data: [ 4.4771218774558878e+002, 0., 1.3673826980590820e+002, 0., 0.,
       4.4771218774558878e+002, 1.2697802352905273e+002, 0., 0., 0., 1.,
       0. ]
PR: !!opencv-matrix
   rows: 3
   cols: 4
   dt: d
   data: [ 4.4771218774558878e+002, 0., 1.3673826980590820e+002,
       1.2363124398255225e+003, 0., 4.4771218774558878e+002,
       1.2697802352905273e+002, 0., 0., 0., 1., 0. ]
RL: !!opencv-matrix
   rows: 3
   cols: 3
   dt: d
   data: [ 9.9995728651260640e-001, -6.3366507057126377e-003,
       -6.7284476797354557e-003, 6.3533126942811680e-003,
       9.9997679687841057e-001, 2.4578695251558525e-003,
       6.7127168980847338e-003, -2.5005124730333741e-003,
       9.9997434310547106e-001 ]
RR: !!opencv-matrix
   rows: 3
   cols: 3
   dt: d
   data: [ 9.9992854253941810e-001, 1.4044002925093561e-005,
       -1.1954481074528850e-002, -4.3682247599706803e-005,
       9.9999692631908210e-001, -2.4790006554175430e-003,
       1.1954409515176061e-002, 2.4793457109281206e-003,
       9.9992546969161111e-001 ]
Q: !!opencv-matrix
   rows: 4
   cols: 4
   dt: d
   data: [ 1., 0., 0., -1.3673826980590820e+002, 0., 1., 0.,
       -1.2697802352905273e+002, 0., 0., 0., 4.4771218774558878e+002, 0.,
       0., -3.6213514749457121e-001, 0. ]
