%YAML:1.0
IMS: [ 320, 240 ]
CML: !!opencv-matrix
   rows: 3
   cols: 3
   dt: d
   data: [ 3.3864754828938010e+002, 0., 1.6172477817188889e+002, 0.,
       3.3775008119342192e+002, 1.1722015255242650e+002, 0., 0., 1. ]
CMR: !!opencv-matrix
   rows: 3
   cols: 3
   dt: d
   data: [ 3.3864754828938010e+002, 0., 1.6846099669833450e+002, 0.,
       3.3775008119342192e+002, 1.1837264337779739e+002, 0., 0., 1. ]
CDL: !!opencv-matrix
   rows: 1
   cols: 5
   dt: d
   data: [ 6.1868728251940161e-002, 8.9687458668543718e-002, 0., 0.,
       3.1564002736580254e-001 ]
CDR: !!opencv-matrix
   rows: 1
   cols: 5
   dt: d
   data: [ 4.9209094265779178e-002, 5.0344578366606785e-001, 0., 0.,
       -1.4073652806006198e+000 ]
PL: !!opencv-matrix
   rows: 3
   cols: 4
   dt: d
   data: [ 3.3775008119342192e+002, 0., 1.6519313621520996e+002, 0., 0.,
       3.3775008119342192e+002, 1.1788812065124512e+002, 0., 0., 0., 1.,
       0. ]
PR: !!opencv-matrix
   rows: 3
   cols: 4
   dt: d
   data: [ 3.3775008119342192e+002, 0., 1.6519313621520996e+002,
       1.9516934441429216e+003, 0., 3.3775008119342192e+002,
       1.1788812065124512e+002, 0., 0., 0., 1., 0. ]
RL: !!opencv-matrix
   rows: 3
   cols: 3
   dt: d
   data: [ 9.9959276673001285e-001, -1.1387201471481485e-003,
       -2.8513225307999931e-002, 1.1217643035838572e-003,
       9.9999918437252056e-001, -6.1065468217890188e-004,
       2.8513897416619392e-002, 5.7842088494528790e-004,
       9.9959322881029677e-001 ]
RR: !!opencv-matrix
   rows: 3
   cols: 3
   dt: d
   data: [ 9.9961905756178027e-001, 2.2214641852068661e-004,
       2.7598739287637963e-002, -2.3855810636028830e-004,
       9.9999979669026318e-001, 5.9136237809054044e-004,
       -2.7598602307511200e-002, -5.9772100604674834e-004,
       9.9961890732432168e-001 ]
Q: !!opencv-matrix
   rows: 4
   cols: 4
   dt: d
   data: [ 1., 0., 0., -1.6519313621520996e+002, 0., 1., 0.,
       -1.1788812065124512e+002, 0., 0., 0., 3.3775008119342192e+002, 0.,
       0., -1.7305488328969795e-001, 0. ]
