%YAML:1.0
IMS: [ 320, 240 ]
CML: !!opencv-matrix
   rows: 3
   cols: 3
   dt: d
   data: [ 3.7244564536184208e+002, 0., 1.5103471361354843e+002, 0.,
       3.7129947357395571e+002, 1.3542271327317391e+002, 0., 0., 1. ]
CMR: !!opencv-matrix
   rows: 3
   cols: 3
   dt: d
   data: [ 3.7244564536184208e+002, 0., 1.5141041419515921e+002, 0.,
       3.7129947357395571e+002, 1.3197455968036610e+002, 0., 0., 1. ]
CDL: !!opencv-matrix
   rows: 1
   cols: 5
   dt: d
   data: [ 1.8056697554557261e-001, -3.7324738663925761e-001, 0., 0.,
       3.0548187703202845e-001 ]
CDR: !!opencv-matrix
   rows: 1
   cols: 5
   dt: d
   data: [ 1.1965052606287402e-001, 1.4571345675107489e-001, 0., 0.,
       -1.0141805980466132e+000 ]
PL: !!opencv-matrix
   rows: 3
   cols: 4
   dt: d
   data: [ 3.7129947357395571e+002, 0., 1.6191293144226074e+002, 0., 0.,
       3.7129947357395571e+002, 1.3334925746917725e+002, 0., 0., 0., 1.,
       0. ]
PR: !!opencv-matrix
   rows: 3
   cols: 4
   dt: d
   data: [ 3.7129947357395571e+002, 0., 1.6191293144226074e+002,
       8.4733470278529660e+002, 0., 3.7129947357395571e+002,
       1.3334925746917725e+002, 0., 0., 0., 1., 0. ]
RL: !!opencv-matrix
   rows: 3
   cols: 3
   dt: d
   data: [ 9.9957460450708968e-001, 8.0606438401046535e-003,
       -2.8029199870460993e-002, -8.1180553781549526e-003,
       9.9996517570675980e-001, -1.9350841392785654e-003,
       2.8012625749338077e-002, 2.1618035599610570e-003,
       9.9960523178102445e-001 ]
RR: !!opencv-matrix
   rows: 3
   cols: 3
   dt: d
   data: [ 9.9973907655255068e-001, 1.2285845547283033e-002,
       -1.9257123695963916e-002, -1.2246365855831408e-002,
       9.9992266292110854e-001, 2.1667256596525747e-003,
       1.9282254463067264e-002, -1.9303305280120395e-003,
       9.9981221661213671e-001 ]
Q: !!opencv-matrix
   rows: 4
   cols: 4
   dt: d
   data: [ 1., 0., 0., -1.6191293144226074e+002, 0., 1., 0.,
       -1.3334925746917725e+002, 0., 0., 0., 3.7129947357395571e+002, 0.,
       0., -4.3819693959594391e-001, 0. ]
