%YAML:1.0
IMS: [ 640, 480 ]
CML: !!opencv-matrix
   rows: 3
   cols: 3
   dt: d
   data: [ 1.3072094395827326e+003, 0., 3.0674760522374191e+002, 0.,
       1.3072094395827326e+003, 2.5978772610104636e+002, 0., 0., 1. ]
CMR: !!opencv-matrix
   rows: 3
   cols: 3
   dt: d
   data: [ 9.0427885945617743e+002, 0., 2.7249530528803137e+002, 0.,
       9.0427885945617743e+002, 1.8692650051073073e+002, 0., 0., 1. ]
CDL: !!opencv-matrix
   rows: 1
   cols: 12
   dt: d
   data: [ 1.3606316695326559e+000, -7.3465195605278339e+001, 0., 0., 0.,
       0., 0., -1.0544750581288988e+003, 0., 0., 0., 0. ]
CDR: !!opencv-matrix
   rows: 1
   cols: 12
   dt: d
   data: [ -1.4190328360030551e+000, 1.8073848457891639e+001, 0., 0., 0.,
       0., 0., 9.6608538859317434e+001, 0., 0., 0., 0. ]
PL: !!opencv-matrix
   rows: 3
   cols: 4
   dt: d
   data: [ 6.5320005629027014e+002, 0., 1.0603472824096680e+003, 0., 0.,
       6.5320005629027014e+002, 2.2965707206726074e+002, 0., 0., 0., 1.,
       0. ]
PR: !!opencv-matrix
   rows: 3
   cols: 4
   dt: d
   data: [ 6.5320005629027014e+002, 0., 1.0603472824096680e+003,
       1.8349327364731718e+004, 0., 6.5320005629027014e+002,
       2.2965707206726074e+002, 0., 0., 0., 1., 0. ]
RL: !!opencv-matrix
   rows: 3
   cols: 3
   dt: d
   data: [ 6.2696300289952311e-001, -7.3458540757419155e-001,
       -2.5942565789503441e-001, 6.5392743804444964e-001,
       6.7722734976365206e-001, -3.3725661224759157e-001,
       4.2343393672193413e-001, 4.1801862532174348e-002,
       9.0496204645333411e-001 ]
RR: !!opencv-matrix
   rows: 3
   cols: 3
   dt: d
   data: [ -5.3729991670315425e-001, 7.7515108133290567e-001,
       3.3233958629572036e-001, -8.4276581526000705e-001,
       -5.0863262162826994e-001, -1.7617785571600320e-001,
       3.2474299683274407e-002, -3.7474478958883511e-001,
       9.2655909824257876e-001 ]
Q: !!opencv-matrix
   rows: 4
   cols: 4
   dt: d
   data: [ 1., 0., 0., -1.0603472824096680e+003, 0., 1., 0.,
       -2.2965707206726074e+002, 0., 0., 0., 6.5320005629027014e+002, 0.,
       0., -3.5598038189985741e-002, 0. ]
