%YAML:1.0
IMS: [ 320, 240 ]
CML: !!opencv-matrix
   rows: 3
   cols: 3
   dt: d
   data: [ 4.3008479825536955e+002, 0., 1.6434121728164351e+002, 0.,
       4.2737655637050926e+002, 9.7251825135157148e+001, 0., 0., 1. ]
CMR: !!opencv-matrix
   rows: 3
   cols: 3
   dt: d
   data: [ 4.3008479825536955e+002, 0., 1.6459657647005628e+002, 0.,
       4.2737655637050926e+002, 9.6557952846241420e+001, 0., 0., 1. ]
CDL: !!opencv-matrix
   rows: 1
   cols: 5
   dt: d
   data: [ -1.4137879009012422e-001, 1.2771416988730810e-001, 0., 0.,
       1.1001054277846978e+000 ]
CDR: !!opencv-matrix
   rows: 1
   cols: 5
   dt: d
   data: [ -1.5113974927560164e-001, 3.0151647215861554e-001, 0., 0.,
       1.7638855593284325e-001 ]
PL: !!opencv-matrix
   rows: 3
   cols: 4
   dt: d
   data: [ 4.1323074074045650e+002, 0., 1.7716646003723145e+002, 0., 0.,
       4.1323074074045650e+002, 9.8184874534606934e+001, 0., 0., 0., 1.,
       0. ]
PR: !!opencv-matrix
   rows: 3
   cols: 4
   dt: d
   data: [ 4.1323074074045650e+002, 0., 1.7716646003723145e+002,
       -1.0273383173641541e+003, 0., 4.1323074074045650e+002,
       9.8184874534606934e+001, 0., 0., 0., 1., 0. ]
RL: !!opencv-matrix
   rows: 3
   cols: 3
   dt: d
   data: [ 9.9736079677060485e-001, -6.1662258178182848e-002,
       -3.8330235865062491e-002, 6.1447667150842024e-002,
       9.9808746372128743e-001, -6.7527005062586014e-003,
       3.8673314660415806e-002, 4.3795751820257228e-003,
       9.9924230998011765e-001 ]
RR: !!opencv-matrix
   rows: 3
   cols: 3
   dt: d
   data: [ 9.9816192913552648e-001, -5.9663079764746815e-002,
       -1.0633914492305125e-002, 5.9721409609190708e-002,
       9.9820125374126656e-001, 5.2545469504881185e-003,
       1.0301284324561817e-002, -5.8799610839764798e-003,
       9.9992965232506004e-001 ]
Q: !!opencv-matrix
   rows: 4
   cols: 4
   dt: d
   data: [ 1., 0., 0., -1.7716646003723145e+002, 0., 1., 0.,
       -9.8184874534606934e+001, 0., 0., 0., 4.1323074074045650e+002, 0.,
       0., 4.0223433094628869e-001, 0. ]
