%YAML:1.0
IMS: [ 320, 240 ]
CML: !!opencv-matrix
   rows: 3
   cols: 3
   dt: d
   data: [ 7.2184256453168496e+002, 0., 1.4793693547580713e+002, 0.,
       7.1919417122888387e+002, 1.1670472635517501e+002, 0., 0., 1. ]
CMR: !!opencv-matrix
   rows: 3
   cols: 3
   dt: d
   data: [ 7.2184256453168496e+002, 0., 1.5956495437171935e+002, 0.,
       7.1919417122888387e+002, 1.3969588598398738e+002, 0., 0., 1. ]
CDL: !!opencv-matrix
   rows: 1
   cols: 5
   dt: d
   data: [ -4.4872022125168221e-001, 3.0445863682301290e+001, 0., 0.,
       -3.7247997780328296e+002 ]
CDR: !!opencv-matrix
   rows: 1
   cols: 5
   dt: d
   data: [ -5.0811427337134479e-002, -1.4212181830725985e+000, 0., 0.,
       9.7250692616513930e+001 ]
PL: !!opencv-matrix
   rows: 3
   cols: 4
   dt: d
   data: [ 6.9423733819532595e+002, 0., 1.2824682426452637e+002, 0., 0.,
       6.9423733819532595e+002, 1.2340750789642334e+002, 0., 0., 0., 1.,
       0. ]
PR: !!opencv-matrix
   rows: 3
   cols: 4
   dt: d
   data: [ 6.9423733819532595e+002, 0., 1.2824682426452637e+002,
       2.3363339770187722e+003, 0., 6.9423733819532595e+002,
       1.2340750789642334e+002, 0., 0., 0., 1., 0. ]
RL: !!opencv-matrix
   rows: 3
   cols: 3
   dt: d
   data: [ 9.9981141885137570e-001, 1.9208072066784734e-002,
       2.8594932901464115e-003, -1.9149613558335263e-002,
       9.9963164000241544e-001, -1.9232176336750346e-002,
       -3.2278529962823793e-003, 1.9173791319367264e-002,
       9.9981095547682208e-001 ]
RR: !!opencv-matrix
   rows: 3
   cols: 3
   dt: d
   data: [ 9.9901311282578209e-001, 2.3424256022777833e-002,
       3.7737310872934679e-002, -2.4144816174103738e-002,
       9.9953257048599220e-001, 1.8752823509640783e-002,
       -3.7280400401013603e-002, -1.9645477022570756e-002,
       9.9911171896765172e-001 ]
Q: !!opencv-matrix
   rows: 4
   cols: 4
   dt: d
   data: [ 1., 0., 0., -1.2824682426452637e+002, 0., 1., 0.,
       -1.2340750789642334e+002, 0., 0., 0., 6.9423733819532595e+002, 0.,
       0., -2.9714815819320162e-001, 0. ]
