%YAML:1.0
IMS: [ 320, 240 ]
CML: !!opencv-matrix
   rows: 3
   cols: 3
   dt: d
   data: [ 4.4027357069047883e+002, 0., 1.4830759394453247e+002, 0.,
       4.3639489780973844e+002, 1.3999094824823894e+002, 0., 0., 1. ]
CMR: !!opencv-matrix
   rows: 3
   cols: 3
   dt: d
   data: [ 4.4027357069047883e+002, 0., 1.4676690649617447e+002, 0.,
       4.3639489780973844e+002, 1.3982430952008707e+002, 0., 0., 1. ]
CDL: !!opencv-matrix
   rows: 1
   cols: 5
   dt: d
   data: [ -3.1582574828262530e-002, 1.2869063154281102e+000, 0., 0.,
       -6.3613179955382559e+000 ]
CDR: !!opencv-matrix
   rows: 1
   cols: 5
   dt: d
   data: [ 6.9734856225065547e-002, -8.2158911549215408e-001, 0., 0.,
       5.0767576859792110e+000 ]
PL: !!opencv-matrix
   rows: 3
   cols: 4
   dt: d
   data: [ 4.3350003584074886e+002, 0., 1.4572934722900391e+002, 0., 0.,
       4.3350003584074886e+002, 1.4050593376159668e+002, 0., 0., 0., 1.,
       0. ]
PR: !!opencv-matrix
   rows: 3
   cols: 4
   dt: d
   data: [ 4.3350003584074886e+002, 0., 1.4572934722900391e+002,
       1.0353574196062634e+003, 0., 4.3350003584074886e+002,
       1.4050593376159668e+002, 0., 0., 0., 1., 0. ]
RL: !!opencv-matrix
   rows: 3
   cols: 3
   dt: d
   data: [ 9.9954504108463138e-001, 2.6274795022551863e-002,
       1.4810333880284670e-002, -2.6244276745899287e-002,
       9.9965302472868178e-001, -2.2512416312326319e-003,
       -1.4864345973075122e-002, 1.8615309077284739e-003,
       9.9988778666481992e-001 ]
RR: !!opencv-matrix
   rows: 3
   cols: 3
   dt: d
   data: [ 9.9940131607664728e-001, 3.4139617688039262e-002,
       -5.6121233396952512e-003, -3.4128001732272657e-002,
       9.9941515161897521e-001, 2.1527220402969794e-003,
       5.6823342058902734e-003, -1.9599026851611794e-003,
       9.9998193476654229e-001 ]
Q: !!opencv-matrix
   rows: 4
   cols: 4
   dt: d
   data: [ 1., 0., 0., -1.4572934722900391e+002, 0., 1., 0.,
       -1.4050593376159668e+002, 0., 0., 0., 4.3350003584074886e+002, 0.,
       0., -4.1869602480426982e-001, 0. ]
