%YAML:1.0
IMS: [ 320, 240 ]
CML: !!opencv-matrix
   rows: 3
   cols: 3
   dt: d
   data: [ 4.5691933821856929e+002, 0., 1.5484773640589694e+002, 0.,
       4.5573212813864427e+002, 1.1047495584976313e+002, 0., 0., 1. ]
CMR: !!opencv-matrix
   rows: 3
   cols: 3
   dt: d
   data: [ 4.5691933821856929e+002, 0., 1.5532705899692010e+002, 0.,
       4.5573212813864427e+002, 1.1126959906415668e+002, 0., 0., 1. ]
CDL: !!opencv-matrix
   rows: 1
   cols: 5
   dt: d
   data: [ 7.7382253742202839e-002, -3.2944352948342998e-001, 0., 0.,
       3.8610370232647044e+000 ]
CDR: !!opencv-matrix
   rows: 1
   cols: 5
   dt: d
   data: [ 1.7424151471158267e-001, -2.0703544412331820e+000, 0., 0.,
       1.4879435497135441e+001 ]
PL: !!opencv-matrix
   rows: 3
   cols: 4
   dt: d
   data: [ 4.5573212813864427e+002, 0., 1.1584143257141113e+002, 0., 0.,
       4.5573212813864427e+002, 1.1173021888732910e+002, 0., 0., 0., 1.,
       0. ]
PR: !!opencv-matrix
   rows: 3
   cols: 4
   dt: d
   data: [ 4.5573212813864427e+002, 0., 1.1584143257141113e+002,
       1.1415172476729372e+003, 0., 4.5573212813864427e+002,
       1.1173021888732910e+002, 0., 0., 0., 1., 0. ]
RL: !!opencv-matrix
   rows: 3
   cols: 3
   dt: d
   data: [ 9.9651766358611027e-001, 1.9717426637378107e-003,
       8.3358613182729441e-002, -1.8958994800074419e-003,
       9.9999771372934854e-001, -9.8899000884957334e-004,
       -8.3360372636173047e-002, 8.2750646154154130e-004,
       9.9651912350291316e-001 ]
RR: !!opencv-matrix
   rows: 3
   cols: 3
   dt: d
   data: [ 9.9731796793420702e-001, 7.9732086393601229e-003,
       7.2755060164755345e-002, -8.0393869889329415e-003,
       9.9996749337627455e-001, 6.1680435519806528e-004,
       -7.2747777233576782e-002, -1.2000561502066346e-003,
       9.9734964820408400e-001 ]
Q: !!opencv-matrix
   rows: 4
   cols: 4
   dt: d
   data: [ 1., 0., 0., -1.1584143257141113e+002, 0., 1., 0.,
       -1.1173021888732910e+002, 0., 0., 0., 4.5573212813864427e+002, 0.,
       0., -3.9923367699234164e-001, 0. ]
T: !!opencv-matrix
   rows: 3
   cols: 1
   dt: d
   data: [ 2.4980807617422975e+000, 1.9971282732025274e-002,
       1.8223678100720678e-001 ]
