%YAML:1.0
IMS: [ 320, 240 ]
CML: !!opencv-matrix
   rows: 3
   cols: 3
   dt: d
   data: [ 5.8335992016333410e+002, 0., 1.5280370413542445e+002, 0.,
       5.8089356597459971e+002, 1.1537141731195997e+002, 0., 0., 1. ]
CMR: !!opencv-matrix
   rows: 3
   cols: 3
   dt: d
   data: [ 5.8335992016333410e+002, 0., 1.5360569424951254e+002, 0.,
       5.8089356597459971e+002, 1.2013502627869782e+002, 0., 0., 1. ]
CDL: !!opencv-matrix
   rows: 1
   cols: 5
   dt: d
   data: [ -3.6463770289349327e-003, 7.0919337932519397e+000, 0., 0.,
       -6.9744175130925711e+001 ]
CDR: !!opencv-matrix
   rows: 1
   cols: 5
   dt: d
   data: [ 3.4417541682066877e-001, -8.3170082909712217e+000, 0., 0.,
       1.1746848196026500e+002 ]
PL: !!opencv-matrix
   rows: 3
   cols: 4
   dt: d
   data: [ 5.8064247852984090e+002, 0., 1.2117291736602783e+002, 0., 0.,
       5.8064247852984090e+002, 1.1760016059875488e+002, 0., 0., 0., 1.,
       0. ]
PR: !!opencv-matrix
   rows: 3
   cols: 4
   dt: d
   data: [ 5.8064247852984090e+002, 0., 1.2117291736602783e+002,
       1.4936427883873143e+003, 0., 5.8064247852984090e+002,
       1.1760016059875488e+002, 0., 0., 0., 1., 0. ]
RL: !!opencv-matrix
   rows: 3
   cols: 3
   dt: d
   data: [ 9.9830966345452787e-001, 1.8547383341416323e-002,
       5.5080036533156060e-002, -1.8415417249119024e-002,
       9.9982620878746686e-001, -2.9025211836438761e-003,
       -5.5124298279870206e-002, 1.8832930911583904e-003,
       9.9847772381074418e-001 ]
RR: !!opencv-matrix
   rows: 3
   cols: 3
   dt: d
   data: [ 9.9866865862919385e-001, 2.4237503243552342e-002,
       4.5535191975936314e-002, -2.4346477606657608e-002,
       9.9970188721191733e-001, 1.8400361625028590e-003,
       -4.5477019470443567e-002, -2.9462079779929060e-003,
       9.9896104056095969e-001 ]
Q: !!opencv-matrix
   rows: 4
   cols: 4
   dt: d
   data: [ 1., 0., 0., -1.2117291736602783e+002, 0., 1., 0.,
       -1.1760016059875488e+002, 0., 0., 0., 5.8064247852984090e+002, 0.,
       0., -3.8874253137643466e-001, 0. ]
