%YAML:1.0
IMS: [ 640, 480 ]
CML: !!opencv-matrix
   rows: 3
   cols: 3
   dt: d
   data: [ 6.3389525789444986e+002, 0., 3.0039664015326628e+002, 0.,
       6.3041882400936834e+002, 2.3471238166441702e+002, 0., 0., 1. ]
CMR: !!opencv-matrix
   rows: 3
   cols: 3
   dt: d
   data: [ 6.3389525789444986e+002, 0., 3.0060745278068794e+002, 0.,
       6.3041882400936834e+002, 2.3476424486359332e+002, 0., 0., 1. ]
CDL: !!opencv-matrix
   rows: 1
   cols: 5
   dt: d
   data: [ 3.0538571255874856e-002, -4.3623233241311760e-001, 0., 0.,
       7.3664137093031545e-001 ]
CDR: !!opencv-matrix
   rows: 1
   cols: 5
   dt: d
   data: [ 9.4742988943199255e-002, -1.5437537407607640e+000, 0., 0.,
       3.2525857742768327e+000 ]
PL: !!opencv-matrix
   rows: 3
   cols: 4
   dt: d
   data: [ 6.3041882400936834e+002, 0., 5.5456036682128906e+003, 0., 0.,
       6.3041882400936834e+002, 5.4129041843414307e+003, 0., 0., 0., 1.,
       0. ]
PR: !!opencv-matrix
   rows: 3
   cols: 4
   dt: d
   data: [ 6.3041882400936834e+002, 0., 5.5456036682128906e+003,
       -8.4888457386700575e+003, 0., 6.3041882400936834e+002,
       5.4129041843414307e+003, 0., 0., 0., 1., 0. ]
RL: !!opencv-matrix
   rows: 3
   cols: 3
   dt: d
   data: [ 3.5380376506420580e-001, -2.1950602535313740e-001,
       -9.0919744866561292e-001, 2.2264725113257061e-001,
       9.6389395485934271e-001, -1.4607068613765506e-001,
       9.0843332027700419e-001, -1.5074995396113094e-001,
       3.8990172350377544e-001 ]
RR: !!opencv-matrix
   rows: 3
   cols: 3
   dt: d
   data: [ 3.9222030560764509e-001, -2.6072142577357021e-001,
       -8.8214940345252280e-001, 2.5771322433731181e-001,
       9.5173217505854024e-001, -1.6670261233707925e-001,
       8.8303291324316535e-001, -1.6195741755454382e-001,
       4.4048004384801731e-001 ]
Q: !!opencv-matrix
   rows: 4
   cols: 4
   dt: d
   data: [ 1., 0., 0., -5.5456036682128906e+003, 0., 1., 0.,
       -5.4129041843414307e+003, 0., 0., 0., 6.3041882400936834e+002, 0.,
       0., 7.4264375089013665e-002, 0. ]
