%YAML:1.0
IMS: [ 640, 480 ]
CML: !!opencv-matrix
   rows: 3
   cols: 3
   dt: d
   data: [ 9.1227837417898490e+002, 0., 3.2252746607297951e+002, 0.,
       9.0956885810260110e+002, 2.1413000788587081e+002, 0., 0., 1. ]
CMR: !!opencv-matrix
   rows: 3
   cols: 3
   dt: d
   data: [ 9.1227837417898490e+002, 0., 3.0329411713540668e+002, 0.,
       9.0956885810260110e+002, 2.1173770488344732e+002, 0., 0., 1. ]
CDL: !!opencv-matrix
   rows: 1
   cols: 5
   dt: d
   data: [ -5.9089674497106906e-002, 2.3096164866710303e-001, 0., 0.,
       -4.9851319375222325e-001 ]
CDR: !!opencv-matrix
   rows: 1
   cols: 5
   dt: d
   data: [ -1.2002647676498740e-001, 1.2243634166174697e+000, 0., 0.,
       -4.5965752377565137e+000 ]
PL: !!opencv-matrix
   rows: 3
   cols: 4
   dt: d
   data: [ 8.8845529851739400e+002, 0., 3.2472705841064453e+002, 0., 0.,
       8.8845529851739400e+002, 2.1293301773071289e+002, 0., 0., 0., 1.,
       0. ]
PR: !!opencv-matrix
   rows: 3
   cols: 4
   dt: d
   data: [ 8.8845529851739400e+002, 0., 3.2472705841064453e+002,
       3.2669818596963255e+003, 0., 8.8845529851739400e+002,
       2.1293301773071289e+002, 0., 0., 0., 1., 0. ]
RL: !!opencv-matrix
   rows: 3
   cols: 3
   dt: d
   data: [ 9.9881973208130947e-001, 4.7260457401292033e-002,
       -1.1206782376837407e-002, -4.7295523112222591e-002,
       9.9887677512121387e-001, -2.8847213011187500e-003,
       1.1057861391894496e-002, 3.4113471920300524e-003,
       9.9993304096413016e-001 ]
RR: !!opencv-matrix
   rows: 3
   cols: 3
   dt: d
   data: [ 9.9828883913940714e-001, 5.6298393576961321e-002,
       -1.5807736408120169e-002, -5.6248314916845232e-002,
       9.9841033703187632e-001, 3.5952714654801225e-003,
       1.5985015442921954e-002, -2.6999608420587491e-003,
       9.9986858611156537e-001 ]
Q: !!opencv-matrix
   rows: 4
   cols: 4
   dt: d
   data: [ 1., 0., 0., -3.2472705841064453e+002, 0., 1., 0.,
       -2.1293301773071289e+002, 0., 0., 0., 8.8845529851739400e+002, 0.,
       0., -2.7194987198367188e-001, 0. ]
