%YAML:1.0
IMS: [ 320, 240 ]
CML: !!opencv-matrix
   rows: 3
   cols: 3
   dt: d
   data: [ 3.4990532743340316e+002, 0., 1.5556832396360056e+002, 0.,
       3.5017095539498575e+002, 1.3845672080458661e+002, 0., 0., 1. ]
CMR: !!opencv-matrix
   rows: 3
   cols: 3
   dt: d
   data: [ 3.4990532743340316e+002, 0., 1.6308412419994769e+002, 0.,
       3.5017095539498575e+002, 1.3955903954371999e+002, 0., 0., 1. ]
CDL: !!opencv-matrix
   rows: 1
   cols: 5
   dt: d
   data: [ -4.2584868508792541e-002, 2.5713828896251248e-002, 0., 0.,
       -4.3759055464569985e-002 ]
CDR: !!opencv-matrix
   rows: 1
   cols: 5
   dt: d
   data: [ -5.3163977987747267e-002, -1.1336882532862190e-002, 0., 0.,
       2.7352907590406522e-001 ]
PL: !!opencv-matrix
   rows: 3
   cols: 4
   dt: d
   data: [ 3.4409803847613057e+002, 0., 1.6918184852600098e+002, 0., 0.,
       3.4409803847613057e+002, 1.3902085399627686e+002, 0., 0., 0., 1.,
       0. ]
PR: !!opencv-matrix
   rows: 3
   cols: 4
   dt: d
   data: [ 3.4409803847613057e+002, 0., 1.6918184852600098e+002,
       8.9231508768106471e+002, 0., 3.4409803847613057e+002,
       1.3902085399627686e+002, 0., 0., 0., 1., 0. ]
RL: !!opencv-matrix
   rows: 3
   cols: 3
   dt: d
   data: [ 9.9968666948461316e-001, -1.6418025810176717e-002,
       -1.8894742212000513e-002, 1.6411681057611011e-002,
       9.9986519882600622e-001, -4.9081716976775752e-004,
       1.8900253427529344e-002, 1.8056889892182411e-004,
       9.9982135795113314e-001 ]
RR: !!opencv-matrix
   rows: 3
   cols: 3
   dt: d
   data: [ 9.9929769977930838e-001, -2.1860579795656258e-002,
       -3.0433899960091153e-002, 2.1870797606264539e-002,
       9.9976080549495305e-001, 2.8545532143957580e-006,
       3.0426557936265222e-002, -6.6846621485753687e-004,
       9.9953678157688164e-001 ]
Q: !!opencv-matrix
   rows: 4
   cols: 4
   dt: d
   data: [ 1., 0., 0., -1.6918184852600098e+002, 0., 1., 0.,
       -1.3902085399627686e+002, 0., 0., 0., 3.4409803847613057e+002, 0.,
       0., -3.8562391606575597e-001, 0. ]
